[gd_scene load_steps=9 format=2]

[ext_resource path="res://Hexagon Levels/Jacob/Assets/Large Walls/Large Wall Door 1.tscn" type="PackedScene" id=1]
[ext_resource path="res://Hexagon Levels/Jacob/Assets/Large Walls/Large Wall Door 2.tscn" type="PackedScene" id=2]
[ext_resource path="res://Hexagon Levels/Jacob/Assets/Large Walls/Large Wall Blank.tscn" type="PackedScene" id=3]
[ext_resource path="res://Hexagon Levels/Jacob/Assets/Room Layouts/Room Layout Right 1.tscn" type="PackedScene" id=4]
[ext_resource path="res://Hexagon Levels/Jacob/Assets/Room Layouts/Room Layout Left 1.tscn" type="PackedScene" id=5]
[ext_resource path="res://Hexagon Levels/Jacob/Assets/Room Layouts/Room Layout Right 2.tscn" type="PackedScene" id=6]
[ext_resource path="res://Hexagon Levels/Jacob/Assets/Room Layouts/Room Layout Left 2.tscn" type="PackedScene" id=7]
[ext_resource path="res://Hexagon Levels/Jacob/Assets/Room Layouts/Room Layout Right 3.tscn" type="PackedScene" id=8]

[node name="Main Scene" type="Spatial"]

[node name="DirectionalLight" type="DirectionalLight" parent="." index="0"]

transform = Transform( 0.856883, -0.33141, -0.394866, 0.381311, -0.108005, 0.918116, -0.346921, -0.937284, 0.033822, -2.12766, 14.5218, 0.298023 )
layers = 1
light_color = Color( 0.859375, 0.785024, 0.587463, 1 )
light_energy = 1.0
light_indirect_energy = 1.0
light_negative = false
light_specular = 0.5
light_bake_mode = 1
light_cull_mask = -1
shadow_enabled = false
shadow_color = Color( 0, 0, 0, 1 )
shadow_bias = 0.1
shadow_contact = 0.0
shadow_reverse_cull_face = false
editor_only = false
directional_shadow_mode = 2
directional_shadow_split_1 = 0.1
directional_shadow_split_2 = 0.2
directional_shadow_split_3 = 0.5
directional_shadow_blend_splits = false
directional_shadow_normal_bias = 0.8
directional_shadow_bias_split_scale = 0.25
directional_shadow_depth_range = 0
directional_shadow_max_distance = 200.0
_sections_unfolded = [ "Light" ]

[node name="Outer Walls" type="Spatial" parent="." index="1"]

editor/display_folded = true

[node name="N Wall" parent="Outer Walls" index="0" instance=ExtResource( 1 )]

transform = Transform( -4.37114e-08, 0, -1, 0, 1, 0, 1, 0, -4.37114e-08, 18, 0, -10.4 )
_sections_unfolded = [ "Transform" ]

[node name="NW Wall" parent="Outer Walls" index="1" instance=ExtResource( 1 )]

transform = Transform( -0.866026, 0, 0.5, 0, 1, 0, -0.5, 0, -0.866026, 18, 0, -10.4 )
_sections_unfolded = [ "Transform" ]

[node name="SW Wall" parent="Outer Walls" index="2" instance=ExtResource( 1 )]

transform = Transform( 0.866025, 0, 0.5, 0, 1, 0, -0.5, 0, 0.866025, -18, 0, -10.4 )
_sections_unfolded = [ "Transform" ]

[node name="SE Wall" parent="Outer Walls" index="3" instance=ExtResource( 1 )]

transform = Transform( 0.866025, 0, -0.5, 0, 1, 0, 0.5, 0, 0.866025, -18, 0, 10.4 )
_sections_unfolded = [ "Transform" ]

[node name="NE Wall" parent="Outer Walls" index="4" instance=ExtResource( 1 )]

transform = Transform( -0.866026, 0, -0.5, 0, 1, 0, 0.5, 0, -0.866026, 18, 0, 10.4 )
_sections_unfolded = [ "Transform" ]

[node name="S Wall" parent="Outer Walls" index="5" instance=ExtResource( 1 )]

transform = Transform( -4.37114e-08, 0, -1, 0, 1, 0, 1, 0, -4.37114e-08, -18, 0, -10.4 )
_sections_unfolded = [ "Transform" ]

[node name="Inner Walls" type="Spatial" parent="." index="2"]

editor/display_folded = true

[node name="E Wall" parent="Inner Walls" index="0" instance=ExtResource( 1 )]

transform = Transform( -4.37114e-08, 0, -1, 0, 1, 0, 1, 0, -4.37114e-08, 0, 0, 0 )
_sections_unfolded = [ "Transform" ]

[node name="SW Wall" parent="Inner Walls" index="1" instance=ExtResource( 2 )]

transform = Transform( -0.866025, 0, 0.5, 0, 1, 0, -0.5, 0, -0.866025, 0, 0, 0 )
_sections_unfolded = [ "Transform" ]

[node name="NW Wall" parent="Inner Walls" index="2" instance=ExtResource( 3 )]

transform = Transform( 0.866025, 0, 0.5, 0, 1, 0, -0.5, 0, 0.866025, 0, 0, 0 )
_sections_unfolded = [ "Transform" ]

[node name="NE Room" type="Spatial" parent="." index="3"]

editor/display_folded = true

[node name="Room Layout Right 1" parent="NE Room" index="0" instance=ExtResource( 4 )]

[node name="Room Layout Left 1" parent="NE Room" index="1" instance=ExtResource( 5 )]

transform = Transform( 0.5, 0, -0.866025, 0, 1, 0, 0.866025, 0, 0.5, 0, -2, 0 )
_sections_unfolded = [ "Transform" ]

[node name="Room Layout Right 2" parent="NE Room" index="2" instance=ExtResource( 6 )]

transform = Transform( 1, 0, 0, 0, 1, 0, 0, 0, 1, 0, -4, 0 )
_sections_unfolded = [ "Transform" ]

[node name="SE Room" type="Spatial" parent="." index="4"]

editor/display_folded = true
transform = Transform( -0.5, 0, -0.866025, 0, 1, 0, 0.866025, 0, -0.5, 0, 0, 0 )
_sections_unfolded = [ "Transform" ]

[node name="Room Layout Left 2" parent="SE Room" index="0" instance=ExtResource( 7 )]

transform = Transform( 0.5, 0, -0.866025, 0, 1, 0, 0.866025, 0, 0.5, 0, 0, 0 )
_sections_unfolded = [ "Transform" ]

[node name="Room Layout Right 3" parent="SE Room" index="1" instance=ExtResource( 8 )]

transform = Transform( 1, 0, 0, 0, 1, 0, 0, 0, 1, 0, -2, 0 )
_sections_unfolded = [ "Transform" ]

[node name="W Room" type="Spatial" parent="." index="5"]

editor/display_folded = true
transform = Transform( -0.5, 0, 0.866025, 0, 1, 0, -0.866025, 0, -0.5, 0, 0, 0 )
_sections_unfolded = [ "Transform" ]

[node name="Room Layout Left 2" parent="W Room" index="0" instance=ExtResource( 7 )]

transform = Transform( 0.5, 0, -0.866025, 0, 1, 0, 0.866025, 0, 0.5, 0, 0, 0 )
_sections_unfolded = [ "Transform" ]

[node name="Room Layout Right 3" parent="W Room" index="1" instance=ExtResource( 8 )]

transform = Transform( 1, 0, 0, 0, 1, 0, 0, 0, 1, 0, -2, 0 )
_sections_unfolded = [ "Transform" ]


