[gd_scene load_steps=5 format=2]

[ext_resource path="res://pentagon_levels/filip/prefabs/shoot_level_pentagon.tscn" type="PackedScene" id=1]
[ext_resource path="res://pentagon_levels/filip/Area.gd" type="Script" id=2]
[ext_resource path="res://pentagon_levels/filip/prefabs/skull.tscn" type="PackedScene" id=3]

[sub_resource type="BoxShape" id=1]

extents = Vector3( 1, 1, 1 )

[node name="scene" type="Spatial"]

_sections_unfolded = [ "Transform", "Visibility" ]

[node name="shoot_level_pentagon" parent="." index="0" instance=ExtResource( 1 )]

[node name="Area" type="Area" parent="." index="1"]

input_ray_pickable = false
input_capture_on_drag = false
space_override = 0
gravity_point = false
gravity_distance_scale = 0.0
gravity_vec = Vector3( 0, -1, 0 )
gravity = 9.8
linear_damp = 0.1
angular_damp = 1.0
priority = 0.0
monitoring = true
monitorable = true
collision_layer = 1
collision_mask = 1
audio_bus_override = false
audio_bus_name = "Master"
reverb_bus_enable = false
reverb_bus_name = "Master"
reverb_bus_amount = 0.0
reverb_bus_uniformity = 0.0
script = ExtResource( 2 )

[node name="CollisionShape" type="CollisionShape" parent="Area" index="0"]

transform = Transform( 1.39199, 0, 0, 0, 3.48439, 0, 0, 0, 1.65007, 0, 0, 0 )
shape = SubResource( 1 )
disabled = false

[node name="skulls" type="Spatial" parent="." index="2"]

transform = Transform( -1.08772, 0, -4.88025, 0, 5, 0, 4.88025, 0, -1.08772, 11.7668, 1.6507, 3.79563 )
visible = false

[node name="skull2" parent="skulls" index="0" instance=ExtResource( 3 )]

transform = Transform( 0.249469, 0, -0.968383, 0, 1, 0, 0.968383, 0, 0.249469, 2.00935, 0, 1.9492 )
_sections_unfolded = [ "Transform", "Visibility" ]

[node name="skull3" parent="skulls" index="1" instance=ExtResource( 3 )]

transform = Transform( -0.78846, 0, -0.615085, 0, 1, 0, 0.615085, 0, -0.78846, 0.865637, 0, 4.33387 )
_sections_unfolded = [ "Transform", "Visibility" ]

[node name="skull1" parent="skulls" index="2" instance=ExtResource( 3 )]

transform = Transform( 1, 0, 0, 0, 1, 0, 0, 0, 1, 0.0316699, 0, 0.142092 )
_sections_unfolded = [ "Transform", "Visibility" ]

[node name="skull4" parent="skulls" index="3" instance=ExtResource( 3 )]

transform = Transform( -0.74193, 0, 0.670478, 0, 1, 0, -0.670478, 0, -0.74193, -1.72487, 0, 4.16616 )
_sections_unfolded = [ "Transform", "Visibility" ]

[node name="skull5" parent="skulls" index="4" instance=ExtResource( 3 )]

transform = Transform( 0.515385, 0, 0.856959, 0, 1, 0, -0.856959, 0, 0.515385, -2.23517, 0, 1.6236 )
_sections_unfolded = [ "Transform", "Visibility" ]

[connection signal="body_entered" from="Area" to="Area" method="_on_Area_body_entered"]


